                                  Node Flow Output
                                  ================
No Bus Type Voltage Angle   PG      QG      PL      QL      Bus_P_Dis Bus_Q_Dis 
0  1   1    1.0301  -14.44  0.0000  0.0000  1.6000  0.8000  -0.000001 0.000001  
1  2   1    1.1016  -2.46   0.0000  0.0000  2.0000  1.0000  0.000002  0.000000  
2  3   1    1.2719  -6.61   0.0000  0.0000  2.0000  1.0000  0.000000  -0.000003 
3  4   0    1.0500  0.00    3.1474  0.1285  0.0000  0.0000  0.000000  0.000000  
4  5   1    1.2643  -3.72   0.0000  0.0000  -2.5794 -2.2994 0.000003  0.000000  

                                  Line Flow Output
                                  ================
No LBus RBus Type Pij      Qij      Pji      Qji      QL       P_Loss    Q_Loss    
0  1    2    0    -0.9498  -0.3090  0.9838   -0.0466  -0.9498  0.9838    -0.0466   
1  1    3    0    -0.6502  -0.4910  0.7128   0.7100   -0.6502  0.7128    0.7100    
2  2    3    0    0.1636   -0.9599  -0.1334  0.3653   0.1636   -0.1334   0.3653    
3  2    4    1    -3.1474  0.0065   3.1474   0.1285   -3.1474  3.1474    0.1285    
4  3    5    1    -2.5794  -2.0753  2.5794   2.2994   2.5794   -2.5794   -2.0753   

                         System Characteristics Index Output
                         ===================================
P_LOSS  Q_LOSS  Vmin    Bus Vmax    Bus ANGmin  Bus ANGmax  Bus Num_It  Time(s)  
0.1268  -0.3721 1.0301  1   1.2719  3   -14.44  1   0.00    4   1       0.047    
